8 10 10
0 1 1 1 1 1 1 1 1 56
5 8 8
1 2 1 2 3 3 1 2
7 21 8
0 7 2 4 3 1 1 1
3 1 2 1 6 1 13 1
3 1 1 3 1
80 10 10
0 10 10 10 10 10 10 10 10 560
50 8 8
10 20 10 20 30 30 10 20
70 21 8
0 70 20 40 30 10 10 10
30 10 20 10 60 10 130 10
30 10 10 30 10
4 1 1
12
1 2 2
0 1
9 21 21
0 7 1 1 1 6 4 6 3 6 2 6 3 6 4 6 3 6 2 6 2
17 36 36
0 17 1 3 1 3 1 3 1 3 3 1 3 1 3 1 3 1 70 1 3 1 3 1 3 1 3 3 1 3 1 3 1 3 1 2
17 128 30
0 1 2 2 2 2 2 2 2 3 1 1 1 1 1 1 1 1 1 1 1 1 1 1 1 1 1 1 1 1
1 1 1 1 1 1 1 1 1 1 1 1 1 1 1 1 1 1 1 1 1 1 1 1 1 1 1 1 1 1
1 1 1 1 1 1 1 1 1 1 1 1 1 1 1 1 1 1 1 1 1 1 1 1 1 1 1 1 1 1
1 1 1 1 1 1 1 1 1 1 1 1 1 1 1 1 1 1 1 1 1 1 1 1 1 1 1 1 1 1
1 1 1 1 1 1 1 1
43 71 30
0 43 1 42 2 41 3 39 5 1 1 35 9 33 11 31 13 29 15 13 1 13 17 11 3 11 19 2 2 3
1 1 5 9 20 2 2 3 7 8 20 9 8 5 20 11 7 5 19 13 3 9 17 15 1 11 15 29 13 31
11 33 9 35 7 37 5 39 3 41 1
55 107 30
0 55 1 53 3 51 5 22 2 25 7 19 4 1 8 12 12 19 7 5 2 9 1 2 13 4 4 2 9 1
2 1 1 6 5 2 2 2 11 1 4 2 4 2 4 1 4 1 3 1 8 4 4 1 1 1 8 1 3 2
4 7 2 1 7 2 2 8 1 1 3 2 11 8 1 5 1 1 5 1 2 2 1 2 1 3 1 10 10 10
5 3 4 1 4 4 3 12 7 22 3 24 5 51 3 53 1
25 17 16
24 24 24 24 24 24 24 24 24 24 24 24 24 24 24 24
16
40 753 30
0 1 3 4 3 1 1 3 1 5 1 1 3 10 2 1 3 1 1 1 2 1 1 1 2 2 3 1 1 3
1 2 3 2 2 1 3 2 1 3 4 1 1 1 2 5 1 1 2 2 1 1 1 1 4 2 1 1 2 2
1 1 2 2 2 2 1 3 4 4 1 1 1 3 3 1 1 1 1 2 1 2 3 1 1 1 3 1 2 1
1 8 3 1 1 1 2 1 2 2 1 4 3 3 5 1 2 2 7 1 2 1 1 1 6 1 3 1 1 2
1 4 2 2 2 1 6 1 1 3 1 2 3 1 2 1 1 2 2 2 1 3 3 1 4 1 1 6 1 1
1 1 1 3 2 1 1 3 5 1 1 1 1 1 4 2 2 4 1 2 3 2 1 2 1 1 4 3 1 3
2 1 6 5 2 1 3 1 3 1 2 1 1 1 1 1 8 1 4 1 1 1 3 3 1 2 3 1 2 2
5 3 1 1 1 1 1 1 3 1 2 1 2 2 5 3 1 2 1 3 2 1 1 1 3 1 3 3 2 1
1 2 3 2 1 2 1 5 1 3 4 2 2 2 1 2 1 2 1 1 1 3 1 3 1 3 3 1 2 4
1 1 3 3 6 1 1 1 2 3 1 1 1 1 1 2 2 2 1 1 1 1 1 1 2 1 4 1 1 1
1 1 3 1 1 1 2 3 1 1 4 2 2 2 3 1 2 2 2 1 2 1 1 3 3 2 2 1 4 1
2 2 3 1 2 7 1 2 2 1 3 3 1 2 4 3 1 2 5 3 4 1 5 3 1 1 3 2 1 1
4 2 5 1 1 1 2 1 5 1 3 3 1 1 3 2 9 2 4 3 3 2 2 1 7 4 1 5 1 4
2 2 1 3 1 1 2 1 5 2 3 1 1 3 2 3 1 1 2 3 3 2 1 5 1 4 10 5 4 4
1 1 1 4 7 1 1 3 1 3 2 1 1 5 2 1 2 3 1 1 1 2 5 8 1 5 1 1 3 1
1 1 3 2 1 1 1 1 1 3 1 1 3 1 1 1 1 1 3 5 1 1 5 1 6 1 4 1 3 1
1 1 1 8 2 1 2 2 4 4 2 1 2 6 1 1 2 1 1 6 5 2 1 1 2 5 1 2 2 3
7 1 1 1 1 1 2 1 2 1 3 1 1 1 2 1 1 2 3 1 1 2 4 4 2 2 3 1 1 1
1 1 2 3 1 1 2 8 1 1 1 1 2 1 1 2 2 1 1 2 2 1 2 1 1 2 2 1 1 2
2 1 4 4 1 2 3 1 8 4 1 1 1 6 4 1 1 3 2 2 6 5 3 2 4 1 1 2 2 1
3 2 1 2 1 2 1 3 2 1 2 1 2 2 6 1 3 4 1 6 1 3 1 6 1 2 1 1 2 2
1 1 1 2 1 5 2 1 1 1 2 1 2 3 2 1 2 1 3 1 4 2 1 2 2 5 4 1 2 1
1 1 2 3 1 1 4 1 5 1 2 2 1 3 2 9 4 4 4 1 1 3 3 1 1 4 1 1 3 3
1 1 2 1 5 3 3 2 1 1 1 1 1 3 1 3 1 1 5 1 3 1 3 2 2 1 3 1 1 1
2 4 7 1 4 1 1 1 4 8 1 2 1 1 3 2 2 1 3 2 1 4 2 3 1 1 1 1 3 2
1 4 1
1000000000 1000 8
500000000 500000000 500000000 500000000 500000000 500000000 500000000 500000000
500000000 500000000 500000000 500000000 500000000 500000000 500000000 500000000
500000000 500000000 500000000 500000000 500000000 500000000 500000000 500000000
500000000 500000000 500000000 500000000 500000000 500000000 500000000 500000000
500000000 500000000 500000000 500000000 500000000 500000000 500000000 500000000
500000000 500000000 500000000 500000000 500000000 500000000 500000000 500000000
500000000 500000000 500000000 500000000 500000000 500000000 500000000 500000000
500000000 500000000 500000000 500000000 500000000 500000000 500000000 500000000
500000000 500000000 500000000 500000000 500000000 500000000 500000000 500000000
500000000 500000000 500000000 500000000 500000000 500000000 500000000 500000000
500000000 500000000 500000000 500000000 500000000 500000000 500000000 500000000
500000000 500000000 500000000 500000000 500000000 500000000 500000000 500000000
500000000 500000000 500000000 500000000 500000000 500000000 500000000 500000000
500000000 500000000 500000000 500000000 500000000 500000000 500000000 500000000
500000000 500000000 500000000 500000000 500000000 500000000 500000000 500000000
500000000 500000000 500000000 500000000 500000000 500000000 500000000 500000000
500000000 500000000 500000000 500000000 500000000 500000000 500000000 500000000
500000000 500000000 500000000 500000000 500000000 500000000 500000000 500000000
500000000 500000000 500000000 500000000 500000000 500000000 500000000 500000000
500000000 500000000 500000000 500000000 500000000 500000000 500000000 500000000
500000000 500000000 500000000 500000000 500000000 500000000 500000000 500000000
500000000 500000000 500000000 500000000 500000000 500000000 500000000 500000000
500000000 500000000 500000000 500000000 500000000 500000000 500000000 500000000
500000000 500000000 500000000 500000000 500000000 500000000 500000000 500000000
500000000 500000000 500000000 500000000 500000000 500000000 500000000 500000000
500000000 500000000 500000000 500000000 500000000 500000000 500000000 500000000
500000000 500000000 500000000 500000000 500000000 500000000 500000000 500000000
500000000 500000000 500000000 500000000 500000000 500000000 500000000 500000000
500000000 500000000 500000000 500000000 500000000 500000000 500000000 500000000
500000000 500000000 500000000 500000000 500000000 500000000 500000000 500000000
500000000 500000000 500000000 500000000 500000000 500000000 500000000 500000000
500000000 500000000 500000000 500000000 500000000 500000000 500000000 500000000
500000000 500000000 500000000 500000000 500000000 500000000 500000000 500000000
500000000 500000000 500000000 500000000 500000000 500000000 500000000 500000000
500000000 500000000 500000000 500000000 500000000 500000000 500000000 500000000
500000000 500000000 500000000 500000000 500000000 500000000 500000000 500000000
500000000 500000000 500000000 500000000 500000000 500000000 500000000 500000000
500000000 500000000 500000000 500000000 500000000 500000000 500000000 500000000
500000000 500000000 500000000 500000000 500000000 500000000 500000000 500000000
500000000 500000000 500000000 500000000 500000000 500000000 500000000 500000000
500000000 500000000 500000000 500000000 500000000 500000000 500000000 500000000
500000000 500000000 500000000 500000000 500000000 500000000 500000000 500000000
500000000 500000000 500000000 500000000 500000000 500000000 500000000 500000000
500000000 500000000 500000000 500000000 500000000 500000000 500000000 500000000
500000000 500000000 500000000 500000000 500000000 500000000 500000000 500000000
500000000 500000000 500000000 500000000 500000000 500000000 500000000 500000000
500000000 500000000 500000000 500000000 500000000 500000000 500000000 500000000
500000000 500000000 500000000 500000000 500000000 500000000 500000000 500000000
500000000 500000000 500000000 500000000 500000000 500000000 500000000 500000000
500000000 500000000 500000000 500000000 500000000 500000000 500000000 500000000
500000000 500000000 500000000 500000000 500000000 500000000 500000000 500000000
500000000 500000000 500000000 500000000 500000000 500000000 500000000 500000000
500000000 500000000 500000000 500000000 500000000 500000000 500000000 500000000
500000000 500000000 500000000 500000000 500000000 500000000 500000000 500000000
500000000 500000000 500000000 500000000 500000000 500000000 500000000 500000000
500000000 500000000 500000000 500000000 500000000 500000000 500000000 500000000
500000000 500000000 500000000 500000000 500000000 500000000 500000000 500000000
500000000 500000000 500000000 500000000 500000000 500000000 500000000 500000000
500000000 500000000 500000000 500000000 500000000 500000000 500000000 500000000
500000000 500000000 500000000 500000000 500000000 500000000 500000000 500000000
500000000 500000000 500000000 500000000 500000000 500000000 500000000 500000000
500000000 500000000 500000000 500000000 500000000 500000000 500000000 500000000
500000000 500000000 500000000 500000000 500000000 500000000 500000000 500000000
500000000 500000000 500000000 500000000 500000000 500000000 500000000 500000000
500000000 500000000 500000000 500000000 500000000 500000000 500000000 500000000
500000000 500000000 500000000 500000000 500000000 500000000 500000000 500000000
500000000 500000000 500000000 500000000 500000000 500000000 500000000 500000000
500000000 500000000 500000000 500000000 500000000 500000000 500000000 500000000
500000000 500000000 500000000 500000000 500000000 500000000 500000000 500000000
500000000 500000000 500000000 500000000 500000000 500000000 500000000 500000000
500000000 500000000 500000000 500000000 500000000 500000000 500000000 500000000
500000000 500000000 500000000 500000000 500000000 500000000 500000000 500000000
500000000 500000000 500000000 500000000 500000000 500000000 500000000 500000000
500000000 500000000 500000000 500000000 500000000 500000000 500000000 500000000
500000000 500000000 500000000 500000000 500000000 500000000 500000000 500000000
500000000 500000000 500000000 500000000 500000000 500000000 500000000 500000000
500000000 500000000 500000000 500000000 500000000 500000000 500000000 500000000
500000000 500000000 500000000 500000000 500000000 500000000 500000000 500000000
500000000 500000000 500000000 500000000 500000000 500000000 500000000 500000000
500000000 500000000 500000000 500000000 500000000 500000000 500000000 500000000
500000000 500000000 500000000 500000000 500000000 500000000 500000000 500000000
500000000 500000000 500000000 500000000 500000000 500000000 500000000 500000000
500000000 500000000 500000000 500000000 500000000 500000000 500000000 500000000
500000000 500000000 500000000 500000000 500000000 500000000 500000000 500000000
500000000 500000000 500000000 500000000 500000000 500000000 500000000 500000000
500000000 500000000 500000000 500000000 500000000 500000000 500000000 500000000
500000000 500000000 500000000 500000000 500000000 500000000 500000000 500000000
500000000 500000000 500000000 500000000 500000000 500000000 500000000 500000000
500000000 500000000 500000000 500000000 500000000 500000000 500000000 500000000
500000000 500000000 500000000 500000000 500000000 500000000 500000000 500000000
500000000 500000000 500000000 500000000 500000000 500000000 500000000 500000000
500000000 500000000 500000000 500000000 500000000 500000000 500000000 500000000
500000000 500000000 500000000 500000000 500000000 500000000 500000000 500000000
500000000 500000000 500000000 500000000 500000000 500000000 500000000 500000000
500000000 500000000 500000000 500000000 500000000 500000000 500000000 500000000
500000000 500000000 500000000 500000000 500000000 500000000 500000000 500000000
500000000 500000000 500000000 500000000 500000000 500000000 500000000 500000000
500000000 500000000 500000000 500000000 500000000 500000000 500000000 500000000
500000000 500000000 500000000 500000000 500000000 500000000 500000000 500000000
500000000 500000000 500000000 500000000 500000000 500000000 500000000 500000000
500000000 500000000 500000000 500000000 500000000 500000000 500000000 500000000
500000000 500000000 500000000 500000000 500000000 500000000 500000000 500000000
500000000 500000000 500000000 500000000 500000000 500000000 500000000 500000000
500000000 500000000 500000000 500000000 500000000 500000000 500000000 500000000
500000000 500000000 500000000 500000000 500000000 500000000 500000000 500000000
500000000 500000000 500000000 500000000 500000000 500000000 500000000 500000000
500000000 500000000 500000000 500000000 500000000 500000000 500000000 500000000
500000000 500000000 500000000 500000000 500000000 500000000 500000000 500000000
500000000 500000000 500000000 500000000 500000000 500000000 500000000 500000000
500000000 500000000 500000000 500000000 500000000 500000000 500000000 500000000
500000000 500000000 500000000 500000000 500000000 500000000 500000000 500000000
500000000 500000000 500000000 500000000 500000000 500000000 500000000 500000000
500000000 500000000 500000000 500000000 500000000 500000000 500000000 500000000
500000000 500000000 500000000 500000000 500000000 500000000 500000000 500000000
500000000 500000000 500000000 500000000 500000000 500000000 500000000 500000000
500000000 500000000 500000000 500000000 500000000 500000000 500000000 500000000
500000000 500000000 500000000 500000000 500000000 500000000 500000000 500000000
500000000 500000000 500000000 500000000 500000000 500000000 500000000 500000000
500000000 500000000 500000000 500000000 500000000 500000000 500000000 500000000
500000000 500000000 500000000 500000000 500000000 500000000 500000000 500000000
500000000 500000000 500000000 500000000 500000000 500000000 500000000 500000000
500000000 500000000 500000000 500000000 500000000 500000000 500000000 500000000
500000000 500000000 500000000 500000000 500000000 500000000 500000000 500000000
500000000 500000000 500000000 500000000 500000000 500000000 500000000 500000000
500000000 500000000 500000000 500000000 500000000 500000000 500000000 500000000
1000000000 1000 8
0 1000000000 500000000 500000000 500000000 500000000 500000000 500000000
500000000 500000000 500000000 500000000 500000000 500000000 500000000 500000000
500000000 500000000 500000000 500000000 500000000 500000000 500000000 500000000
500000000 500000000 500000000 500000000 500000000 500000000 500000000 500000000
500000000 500000000 500000000 500000000 500000000 500000000 500000000 500000000
500000000 500000000 500000000 500000000 500000000 500000000 500000000 500000000
500000000 500000000 500000000 500000000 500000000 500000000 500000000 500000000
500000000 500000000 500000000 500000000 500000000 500000000 500000000 500000000
500000000 500000000 500000000 500000000 500000000 500000000 500000000 500000000
500000000 500000000 500000000 500000000 500000000 500000000 500000000 500000000
500000000 500000000 500000000 500000000 500000000 500000000 500000000 500000000
500000000 500000000 500000000 500000000 500000000 500000000 500000000 500000000
500000000 500000000 500000000 500000000 500000000 500000000 500000000 500000000
500000000 500000000 500000000 500000000 500000000 500000000 500000000 500000000
500000000 500000000 500000000 500000000 500000000 500000000 500000000 500000000
500000000 500000000 500000000 500000000 500000000 500000000 500000000 500000000
500000000 500000000 500000000 500000000 500000000 500000000 500000000 500000000
500000000 500000000 500000000 500000000 500000000 500000000 500000000 500000000
500000000 500000000 500000000 500000000 500000000 500000000 500000000 500000000
500000000 500000000 500000000 500000000 500000000 500000000 500000000 500000000
500000000 500000000 500000000 500000000 500000000 500000000 500000000 500000000
500000000 500000000 500000000 500000000 500000000 500000000 500000000 500000000
500000000 500000000 500000000 500000000 500000000 500000000 500000000 500000000
500000000 500000000 500000000 500000000 500000000 500000000 500000000 500000000
500000000 500000000 500000000 500000000 500000000 500000000 500000000 500000000
500000000 500000000 500000000 500000000 500000000 500000000 500000000 500000000
500000000 500000000 500000000 500000000 500000000 500000000 500000000 500000000
500000000 500000000 500000000 500000000 500000000 500000000 500000000 500000000
500000000 500000000 500000000 500000000 500000000 500000000 500000000 500000000
500000000 500000000 500000000 500000000 500000000 500000000 500000000 500000000
500000000 500000000 500000000 500000000 500000000 500000000 500000000 500000000
500000000 500000000 500000000 500000000 500000000 500000000 500000000 500000000
500000000 500000000 500000000 500000000 500000000 500000000 500000000 500000000
500000000 500000000 500000000 500000000 500000000 500000000 500000000 500000000
500000000 500000000 500000000 500000000 500000000 500000000 500000000 500000000
500000000 500000000 500000000 500000000 500000000 500000000 500000000 500000000
500000000 500000000 500000000 500000000 500000000 500000000 500000000 500000000
500000000 500000000 500000000 500000000 500000000 500000000 500000000 500000000
500000000 500000000 500000000 500000000 500000000 500000000 500000000 500000000
500000000 500000000 500000000 500000000 500000000 500000000 500000000 500000000
500000000 500000000 500000000 500000000 500000000 500000000 500000000 500000000
500000000 500000000 500000000 500000000 500000000 500000000 500000000 500000000
500000000 500000000 500000000 500000000 500000000 500000000 500000000 500000000
500000000 500000000 500000000 500000000 500000000 500000000 500000000 500000000
500000000 500000000 500000000 500000000 500000000 500000000 500000000 500000000
500000000 500000000 500000000 500000000 500000000 500000000 500000000 500000000
500000000 500000000 500000000 500000000 500000000 500000000 500000000 500000000
500000000 500000000 500000000 500000000 500000000 500000000 500000000 500000000
500000000 500000000 500000000 500000000 500000000 500000000 500000000 500000000
500000000 500000000 500000000 500000000 500000000 500000000 500000000 500000000
500000000 500000000 500000000 500000000 500000000 500000000 500000000 500000000
500000000 500000000 500000000 500000000 500000000 500000000 500000000 500000000
500000000 500000000 500000000 500000000 500000000 500000000 500000000 500000000
500000000 500000000 500000000 500000000 500000000 500000000 500000000 500000000
500000000 500000000 500000000 500000000 500000000 500000000 500000000 500000000
500000000 500000000 500000000 500000000 500000000 500000000 500000000 500000000
500000000 500000000 500000000 500000000 500000000 500000000 500000000 500000000
500000000 500000000 500000000 500000000 500000000 500000000 500000000 500000000
500000000 500000000 500000000 500000000 500000000 500000000 500000000 500000000
500000000 500000000 500000000 500000000 500000000 500000000 500000000 500000000
500000000 500000000 500000000 500000000 500000000 500000000 500000000 500000000
500000000 500000000 500000000 500000000 500000000 500000000 500000000 500000000
500000000 500000000 500000000 500000000 500000000 500000000 500000000 500000000
500000000 500000000 500000000 500000000 500000000 500000000 500000000 500000000
500000000 500000000 500000000 500000000 500000000 500000000 500000000 500000000
500000000 500000000 500000000 500000000 500000000 500000000 500000000 500000000
500000000 500000000 500000000 500000000 500000000 500000000 500000000 500000000
500000000 500000000 500000000 500000000 500000000 500000000 500000000 500000000
500000000 500000000 500000000 500000000 500000000 500000000 500000000 500000000
500000000 500000000 500000000 500000000 500000000 500000000 500000000 500000000
500000000 500000000 500000000 500000000 500000000 500000000 500000000 500000000
500000000 500000000 500000000 500000000 500000000 500000000 500000000 500000000
500000000 500000000 500000000 500000000 500000000 500000000 500000000 500000000
500000000 500000000 500000000 500000000 500000000 500000000 500000000 500000000
500000000 500000000 500000000 500000000 500000000 500000000 500000000 500000000
500000000 500000000 500000000 500000000 500000000 500000000 500000000 500000000
500000000 500000000 500000000 500000000 500000000 500000000 500000000 500000000
500000000 500000000 500000000 500000000 500000000 500000000 500000000 500000000
500000000 500000000 500000000 500000000 500000000 500000000 500000000 500000000
500000000 500000000 500000000 500000000 500000000 500000000 500000000 500000000
500000000 500000000 500000000 500000000 500000000 500000000 500000000 500000000
500000000 500000000 500000000 500000000 500000000 500000000 500000000 500000000
500000000 500000000 500000000 500000000 500000000 500000000 500000000 500000000
500000000 500000000 500000000 500000000 500000000 500000000 500000000 500000000
500000000 500000000 500000000 500000000 500000000 500000000 500000000 500000000
500000000 500000000 500000000 500000000 500000000 500000000 500000000 500000000
500000000 500000000 500000000 500000000 500000000 500000000 500000000 500000000
500000000 500000000 500000000 500000000 500000000 500000000 500000000 500000000
500000000 500000000 500000000 500000000 500000000 500000000 500000000 500000000
500000000 500000000 500000000 500000000 500000000 500000000 500000000 500000000
500000000 500000000 500000000 500000000 500000000 500000000 500000000 500000000
500000000 500000000 500000000 500000000 500000000 500000000 500000000 500000000
500000000 500000000 500000000 500000000 500000000 500000000 500000000 500000000
500000000 500000000 500000000 500000000 500000000 500000000 500000000 500000000
500000000 500000000 500000000 500000000 500000000 500000000 500000000 500000000
500000000 500000000 500000000 500000000 500000000 500000000 500000000 500000000
500000000 500000000 500000000 500000000 500000000 500000000 500000000 500000000
500000000 500000000 500000000 500000000 500000000 500000000 500000000 500000000
500000000 500000000 500000000 500000000 500000000 500000000 500000000 500000000
500000000 500000000 500000000 500000000 500000000 500000000 500000000 500000000
500000000 500000000 500000000 500000000 500000000 500000000 500000000 500000000
500000000 500000000 500000000 500000000 500000000 500000000 500000000 500000000
500000000 500000000 500000000 500000000 500000000 500000000 500000000 500000000
500000000 500000000 500000000 500000000 500000000 500000000 500000000 500000000
500000000 500000000 500000000 500000000 500000000 500000000 500000000 500000000
500000000 500000000 500000000 500000000 500000000 500000000 500000000 500000000
500000000 500000000 500000000 500000000 500000000 500000000 500000000 500000000
500000000 500000000 500000000 500000000 500000000 500000000 500000000 500000000
500000000 500000000 500000000 500000000 500000000 500000000 500000000 500000000
500000000 500000000 500000000 500000000 500000000 500000000 500000000 500000000
500000000 500000000 500000000 500000000 500000000 500000000 500000000 500000000
500000000 500000000 500000000 500000000 500000000 500000000 500000000 500000000
500000000 500000000 500000000 500000000 500000000 500000000 500000000 500000000
500000000 500000000 500000000 500000000 500000000 500000000 500000000 500000000
500000000 500000000 500000000 500000000 500000000 500000000 500000000 500000000
500000000 500000000 500000000 500000000 500000000 500000000 500000000 500000000
500000000 500000000 500000000 500000000 500000000 500000000 500000000 500000000
500000000 500000000 500000000 500000000 500000000 500000000 500000000 500000000
500000000 500000000 500000000 500000000 500000000 500000000 500000000 500000000
500000000 500000000 500000000 500000000 500000000 500000000 500000000 500000000
500000000 500000000 500000000 500000000 500000000 500000000 500000000 500000000
500000000 500000000 500000000 500000000 500000000 500000000 500000000 500000000
500000000 500000000 500000000 500000000 500000000 500000000 500000000 500000000
500000000 500000000 500000000 500000000 500000000 500000000 500000000 500000000
500000000 500000000 500000000 500000000 500000000 500000000 500000000 500000000
1 4 4
1000000000 1000000000 1000000000 1000000000
1000000000 1000 7
1000000000 1000000000 1000000000 1000000000 1000000000 1000000000 1000000000
1000000000 1000000000 1000000000 1000000000 1000000000 1000000000 1000000000
1000000000 1000000000 1000000000 1000000000 1000000000 1000000000 1000000000
1000000000 1000000000 1000000000 1000000000 1000000000 1000000000 1000000000
1000000000 1000000000 1000000000 1000000000 1000000000 1000000000 1000000000
1000000000 1000000000 1000000000 1000000000 1000000000 1000000000 1000000000
1000000000 1000000000 1000000000 1000000000 1000000000 1000000000 1000000000
1000000000 1000000000 1000000000 1000000000 1000000000 1000000000 1000000000
1000000000 1000000000 1000000000 1000000000 1000000000 1000000000 1000000000
1000000000 1000000000 1000000000 1000000000 1000000000 1000000000 1000000000
1000000000 1000000000 1000000000 1000000000 1000000000 1000000000 1000000000
1000000000 1000000000 1000000000 1000000000 1000000000 1000000000 1000000000
1000000000 1000000000 1000000000 1000000000 1000000000 1000000000 1000000000
1000000000 1000000000 1000000000 1000000000 1000000000 1000000000 1000000000
1000000000 1000000000 1000000000 1000000000 1000000000 1000000000 1000000000
1000000000 1000000000 1000000000 1000000000 1000000000 1000000000 1000000000
1000000000 1000000000 1000000000 1000000000 1000000000 1000000000 1000000000
1000000000 1000000000 1000000000 1000000000 1000000000 1000000000 1000000000
1000000000 1000000000 1000000000 1000000000 1000000000 1000000000 1000000000
1000000000 1000000000 1000000000 1000000000 1000000000 1000000000 1000000000
1000000000 1000000000 1000000000 1000000000 1000000000 1000000000 1000000000
1000000000 1000000000 1000000000 1000000000 1000000000 1000000000 1000000000
1000000000 1000000000 1000000000 1000000000 1000000000 1000000000 1000000000
1000000000 1000000000 1000000000 1000000000 1000000000 1000000000 1000000000
1000000000 1000000000 1000000000 1000000000 1000000000 1000000000 1000000000
1000000000 1000000000 1000000000 1000000000 1000000000 1000000000 1000000000
1000000000 1000000000 1000000000 1000000000 1000000000 1000000000 1000000000
1000000000 1000000000 1000000000 1000000000 1000000000 1000000000 1000000000
1000000000 1000000000 1000000000 1000000000 1000000000 1000000000 1000000000
1000000000 1000000000 1000000000 1000000000 1000000000 1000000000 1000000000
1000000000 1000000000 1000000000 1000000000 1000000000 1000000000 1000000000
1000000000 1000000000 1000000000 1000000000 1000000000 1000000000 1000000000
1000000000 1000000000 1000000000 1000000000 1000000000 1000000000 1000000000
1000000000 1000000000 1000000000 1000000000 1000000000 1000000000 1000000000
1000000000 1000000000 1000000000 1000000000 1000000000 1000000000 1000000000
1000000000 1000000000 1000000000 1000000000 1000000000 1000000000 1000000000
1000000000 1000000000 1000000000 1000000000 1000000000 1000000000 1000000000
1000000000 1000000000 1000000000 1000000000 1000000000 1000000000 1000000000
1000000000 1000000000 1000000000 1000000000 1000000000 1000000000 1000000000
1000000000 1000000000 1000000000 1000000000 1000000000 1000000000 1000000000
1000000000 1000000000 1000000000 1000000000 1000000000 1000000000 1000000000
1000000000 1000000000 1000000000 1000000000 1000000000 1000000000 1000000000
1000000000 1000000000 1000000000 1000000000 1000000000 1000000000 1000000000
1000000000 1000000000 1000000000 1000000000 1000000000 1000000000 1000000000
1000000000 1000000000 1000000000 1000000000 1000000000 1000000000 1000000000
1000000000 1000000000 1000000000 1000000000 1000000000 1000000000 1000000000
1000000000 1000000000 1000000000 1000000000 1000000000 1000000000 1000000000
1000000000 1000000000 1000000000 1000000000 1000000000 1000000000 1000000000
1000000000 1000000000 1000000000 1000000000 1000000000 1000000000 1000000000
1000000000 1000000000 1000000000 1000000000 1000000000 1000000000 1000000000
1000000000 1000000000 1000000000 1000000000 1000000000 1000000000 1000000000
1000000000 1000000000 1000000000 1000000000 1000000000 1000000000 1000000000
1000000000 1000000000 1000000000 1000000000 1000000000 1000000000 1000000000
1000000000 1000000000 1000000000 1000000000 1000000000 1000000000 1000000000
1000000000 1000000000 1000000000 1000000000 1000000000 1000000000 1000000000
1000000000 1000000000 1000000000 1000000000 1000000000 1000000000 1000000000
1000000000 1000000000 1000000000 1000000000 1000000000 1000000000 1000000000
1000000000 1000000000 1000000000 1000000000 1000000000 1000000000 1000000000
1000000000 1000000000 1000000000 1000000000 1000000000 1000000000 1000000000
1000000000 1000000000 1000000000 1000000000 1000000000 1000000000 1000000000
1000000000 1000000000 1000000000 1000000000 1000000000 1000000000 1000000000
1000000000 1000000000 1000000000 1000000000 1000000000 1000000000 1000000000
1000000000 1000000000 1000000000 1000000000 1000000000 1000000000 1000000000
1000000000 1000000000 1000000000 1000000000 1000000000 1000000000 1000000000
1000000000 1000000000 1000000000 1000000000 1000000000 1000000000 1000000000
1000000000 1000000000 1000000000 1000000000 1000000000 1000000000 1000000000
1000000000 1000000000 1000000000 1000000000 1000000000 1000000000 1000000000
1000000000 1000000000 1000000000 1000000000 1000000000 1000000000 1000000000
1000000000 1000000000 1000000000 1000000000 1000000000 1000000000 1000000000
1000000000 1000000000 1000000000 1000000000 1000000000 1000000000 1000000000
1000000000 1000000000 1000000000 1000000000 1000000000 1000000000 1000000000
1000000000 1000000000 1000000000 1000000000 1000000000 1000000000 1000000000
1000000000 1000000000 1000000000 1000000000 1000000000 1000000000 1000000000
1000000000 1000000000 1000000000 1000000000 1000000000 1000000000 1000000000
1000000000 1000000000 1000000000 1000000000 1000000000 1000000000 1000000000
1000000000 1000000000 1000000000 1000000000 1000000000 1000000000 1000000000
1000000000 1000000000 1000000000 1000000000 1000000000 1000000000 1000000000
1000000000 1000000000 1000000000 1000000000 1000000000 1000000000 1000000000
1000000000 1000000000 1000000000 1000000000 1000000000 1000000000 1000000000
1000000000 1000000000 1000000000 1000000000 1000000000 1000000000 1000000000
1000000000 1000000000 1000000000 1000000000 1000000000 1000000000 1000000000
1000000000 1000000000 1000000000 1000000000 1000000000 1000000000 1000000000
1000000000 1000000000 1000000000 1000000000 1000000000 1000000000 1000000000
1000000000 1000000000 1000000000 1000000000 1000000000 1000000000 1000000000
1000000000 1000000000 1000000000 1000000000 1000000000 1000000000 1000000000
1000000000 1000000000 1000000000 1000000000 1000000000 1000000000 1000000000
1000000000 1000000000 1000000000 1000000000 1000000000 1000000000 1000000000
1000000000 1000000000 1000000000 1000000000 1000000000 1000000000 1000000000
1000000000 1000000000 1000000000 1000000000 1000000000 1000000000 1000000000
1000000000 1000000000 1000000000 1000000000 1000000000 1000000000 1000000000
1000000000 1000000000 1000000000 1000000000 1000000000 1000000000 1000000000
1000000000 1000000000 1000000000 1000000000 1000000000 1000000000 1000000000
1000000000 1000000000 1000000000 1000000000 1000000000 1000000000 1000000000
1000000000 1000000000 1000000000 1000000000 1000000000 1000000000 1000000000
1000000000 1000000000 1000000000 1000000000 1000000000 1000000000 1000000000
1000000000 1000000000 1000000000 1000000000 1000000000 1000000000 1000000000
1000000000 1000000000 1000000000 1000000000 1000000000 1000000000 1000000000
1000000000 1000000000 1000000000 1000000000 1000000000 1000000000 1000000000
1000000000 1000000000 1000000000 1000000000 1000000000 1000000000 1000000000
1000000000 1000000000 1000000000 1000000000 1000000000 1000000000 1000000000
1000000000 1000000000 1000000000 1000000000 1000000000 1000000000 1000000000
1000000000 1000000000 1000000000 1000000000 1000000000 1000000000 1000000000
1000000000 1000000000 1000000000 1000000000 1000000000 1000000000 1000000000
1000000000 1000000000 1000000000 1000000000 1000000000 1000000000 1000000000
1000000000 1000000000 1000000000 1000000000 1000000000 1000000000 1000000000
1000000000 1000000000 1000000000 1000000000 1000000000 1000000000 1000000000
1000000000 1000000000 1000000000 1000000000 1000000000 1000000000 1000000000
1000000000 1000000000 1000000000 1000000000 1000000000 1000000000 1000000000
1000000000 1000000000 1000000000 1000000000 1000000000 1000000000 1000000000
1000000000 1000000000 1000000000 1000000000 1000000000 1000000000 1000000000
1000000000 1000000000 1000000000 1000000000 1000000000 1000000000 1000000000
1000000000 1000000000 1000000000 1000000000 1000000000 1000000000 1000000000
1000000000 1000000000 1000000000 1000000000 1000000000 1000000000 1000000000
1000000000 1000000000 1000000000 1000000000 1000000000 1000000000 1000000000
1000000000 1000000000 1000000000 1000000000 1000000000 1000000000 1000000000
1000000000 1000000000 1000000000 1000000000 1000000000 1000000000 1000000000
1000000000 1000000000 1000000000 1000000000 1000000000 1000000000 1000000000
1000000000 1000000000 1000000000 1000000000 1000000000 1000000000 1000000000
1000000000 1000000000 1000000000 1000000000 1000000000 1000000000 1000000000
1000000000 1000000000 1000000000 1000000000 1000000000 1000000000 1000000000
1000000000 1000000000 1000000000 1000000000 1000000000 1000000000 1000000000
1000000000 1000000000 1000000000 1000000000 1000000000 1000000000 1000000000
1000000000 1000000000 1000000000 1000000000 1000000000 1000000000 1000000000
1000000000 1000000000 1000000000 1000000000 1000000000 1000000000 1000000000
1000000000 1000000000 1000000000 1000000000 1000000000 1000000000 1000000000
1000000000 1000000000 1000000000 1000000000 1000000000 1000000000 1000000000
1000000000 1000000000 1000000000 1000000000 1000000000 1000000000 1000000000
1000000000 1000000000 1000000000 1000000000 1000000000 1000000000 1000000000
1000000000 1000000000 1000000000 1000000000 1000000000 1000000000 1000000000
1000000000 1000000000 1000000000 1000000000 1000000000 1000000000 1000000000
1000000000 1000000000 1000000000 1000000000 1000000000 1000000000 1000000000
1000000000 1000000000 1000000000 1000000000 1000000000 1000000000 1000000000
1000000000 1000000000 1000000000 1000000000 1000000000 1000000000 1000000000
1000000000 1000000000 1000000000 1000000000 1000000000 1000000000 1000000000
1000000000 1000000000 1000000000 1000000000 1000000000 1000000000 1000000000
1000000000 1000000000 1000000000 1000000000 1000000000 1000000000 1000000000
1000000000 1000000000 1000000000 1000000000 1000000000 1000000000 1000000000
1000000000 1000000000 1000000000 1000000000 1000000000 1000000000 1000000000
1000000000 1000000000 1000000000 1000000000 1000000000 1000000000 1000000000
1000000000 1000000000 1000000000 1000000000 1000000000 1000000000 1000000000
1000000000 1000000000 1000000000 1000000000 1000000000 1000000000 1000000000
1000000000 1000000000 1000000000 1000000000 1000000000 1000000000 1000000000
1000000000 1000000000 1000000000 1000000000 1000000000 1000000000
1 999 10
0 1 1000000000 1 1000000000 1 1000000000 1 1000000000 1
1000000000 1 1000000000 1 1000000000 1 1000000000 1 1000000000 1
1000000000 1 1000000000 1 1000000000 1 1000000000 1 1000000000 1
1000000000 1 1000000000 1 1000000000 1 1000000000 1 1000000000 1
1000000000 1 1000000000 1 1000000000 1 1000000000 1 1000000000 1
1000000000 1 1000000000 1 1000000000 1 1000000000 1 1000000000 1
1000000000 1 1000000000 1 1000000000 1 1000000000 1 1000000000 1
1000000000 1 1000000000 1 1000000000 1 1000000000 1 1000000000 1
1000000000 1 1000000000 1 1000000000 1 1000000000 1 1000000000 1
1000000000 1 1000000000 1 1000000000 1 1000000000 1 1000000000 1
1000000000 1 1000000000 1 1000000000 1 1000000000 1 1000000000 1
1000000000 1 1000000000 1 1000000000 1 1000000000 1 1000000000 1
1000000000 1 1000000000 1 1000000000 1 1000000000 1 1000000000 1
1000000000 1 1000000000 1 1000000000 1 1000000000 1 1000000000 1
1000000000 1 1000000000 1 1000000000 1 1000000000 1 1000000000 1
1000000000 1 1000000000 1 1000000000 1 1000000000 1 1000000000 1
1000000000 1 1000000000 1 1000000000 1 1000000000 1 1000000000 1
1000000000 1 1000000000 1 1000000000 1 1000000000 1 1000000000 1
1000000000 1 1000000000 1 1000000000 1 1000000000 1 1000000000 1
1000000000 1 1000000000 1 1000000000 1 1000000000 1 1000000000 1
1000000000 1 1000000000 1 1000000000 1 1000000000 1 1000000000 1
1000000000 1 1000000000 1 1000000000 1 1000000000 1 1000000000 1
1000000000 1 1000000000 1 1000000000 1 1000000000 1 1000000000 1
1000000000 1 1000000000 1 1000000000 1 1000000000 1 1000000000 1
1000000000 1 1000000000 1 1000000000 1 1000000000 1 1000000000 1
1000000000 1 1000000000 1 1000000000 1 1000000000 1 1000000000 1
1000000000 1 1000000000 1 1000000000 1 1000000000 1 1000000000 1
1000000000 1 1000000000 1 1000000000 1 1000000000 1 1000000000 1
1000000000 1 1000000000 1 1000000000 1 1000000000 1 1000000000 1
1000000000 1 1000000000 1 1000000000 1 1000000000 1 1000000000 1
1000000000 1 1000000000 1 1000000000 1 1000000000 1 1000000000 1
1000000000 1 1000000000 1 1000000000 1 1000000000 1 1000000000 1
1000000000 1 1000000000 1 1000000000 1 1000000000 1 1000000000 1
1000000000 1 1000000000 1 1000000000 1 1000000000 1 1000000000 1
1000000000 1 1000000000 1 1000000000 1 1000000000 1 1000000000 1
1000000000 1 1000000000 1 1000000000 1 1000000000 1 1000000000 1
1000000000 1 1000000000 1 1000000000 1 1000000000 1 1000000000 1
1000000000 1 1000000000 1 1000000000 1 1000000000 1 1000000000 1
1000000000 1 1000000000 1 1000000000 1 1000000000 1 1000000000 1
1000000000 1 1000000000 1 1000000000 1 1000000000 1 1000000000 1
1000000000 1 1000000000 1 1000000000 1 1000000000 1 1000000000 1
1000000000 1 1000000000 1 1000000000 1 1000000000 1 1000000000 1
1000000000 1 1000000000 1 1000000000 1 1000000000 1 1000000000 1
1000000000 1 1000000000 1 1000000000 1 1000000000 1 1000000000 1
1000000000 1 1000000000 1 1000000000 1 1000000000 1 1000000000 1
1000000000 1 1000000000 1 1000000000 1 1000000000 1 1000000000 1
1000000000 1 1000000000 1 1000000000 1 1000000000 1 1000000000 1
1000000000 1 1000000000 1 1000000000 1 1000000000 1 1000000000 1
1000000000 1 1000000000 1 1000000000 1 1000000000 1 1000000000 1
1000000000 1 1000000000 1 1000000000 1 1000000000 1 1000000000 1
1000000000 1 1000000000 1 1000000000 1 1000000000 1 1000000000 1
1000000000 1 1000000000 1 1000000000 1 1000000000 1 1000000000 1
1000000000 1 1000000000 1 1000000000 1 1000000000 1 1000000000 1
1000000000 1 1000000000 1 1000000000 1 1000000000 1 1000000000 1
1000000000 1 1000000000 1 1000000000 1 1000000000 1 1000000000 1
1000000000 1 1000000000 1 1000000000 1 1000000000 1 1000000000 1
1000000000 1 1000000000 1 1000000000 1 1000000000 1 1000000000 1
1000000000 1 1000000000 1 1000000000 1 1000000000 1 1000000000 1
1000000000 1 1000000000 1 1000000000 1 1000000000 1 1000000000 1
1000000000 1 1000000000 1 1000000000 1 1000000000 1 1000000000 1
1000000000 1 1000000000 1 1000000000 1 1000000000 1 1000000000 1
1000000000 1 1000000000 1 1000000000 1 1000000000 1 1000000000 1
1000000000 1 1000000000 1 1000000000 1 1000000000 1 1000000000 1
1000000000 1 1000000000 1 1000000000 1 1000000000 1 1000000000 1
1000000000 1 1000000000 1 1000000000 1 1000000000 1 1000000000 1
1000000000 1 1000000000 1 1000000000 1 1000000000 1 1000000000 1
1000000000 1 1000000000 1 1000000000 1 1000000000 1 1000000000 1
1000000000 1 1000000000 1 1000000000 1 1000000000 1 1000000000 1
1000000000 1 1000000000 1 1000000000 1 1000000000 1 1000000000 1
1000000000 1 1000000000 1 1000000000 1 1000000000 1 1000000000 1
1000000000 1 1000000000 1 1000000000 1 1000000000 1 1000000000 1
1000000000 1 1000000000 1 1000000000 1 1000000000 1 1000000000 1
1000000000 1 1000000000 1 1000000000 1 1000000000 1 1000000000 1
1000000000 1 1000000000 1 1000000000 1 1000000000 1 1000000000 1
1000000000 1 1000000000 1 1000000000 1 1000000000 1 1000000000 1
1000000000 1 1000000000 1 1000000000 1 1000000000 1 1000000000 1
1000000000 1 1000000000 1 1000000000 1 1000000000 1 1000000000 1
1000000000 1 1000000000 1 1000000000 1 1000000000 1 1000000000 1
1000000000 1 1000000000 1 1000000000 1 1000000000 1 1000000000 1
1000000000 1 1000000000 1 1000000000 1 1000000000 1 1000000000 1
1000000000 1 1000000000 1 1000000000 1 1000000000 1 1000000000 1
1000000000 1 1000000000 1 1000000000 1 1000000000 1 1000000000 1
1000000000 1 1000000000 1 1000000000 1 1000000000 1 1000000000 1
1000000000 1 1000000000 1 1000000000 1 1000000000 1 1000000000 1
1000000000 1 1000000000 1 1000000000 1 1000000000 1 1000000000 1
1000000000 1 1000000000 1 1000000000 1 1000000000 1 1000000000 1
1000000000 1 1000000000 1 1000000000 1 1000000000 1 1000000000 1
1000000000 1 1000000000 1 1000000000 1 1000000000 1 1000000000 1
1000000000 1 1000000000 1 1000000000 1 1000000000 1 1000000000 1
1000000000 1 1000000000 1 1000000000 1 1000000000 1 1000000000 1
1000000000 1 1000000000 1 1000000000 1 1000000000 1 1000000000 1
1000000000 1 1000000000 1 1000000000 1 1000000000 1 1000000000 1
1000000000 1 1000000000 1 1000000000 1 1000000000 1 1000000000 1
1000000000 1 1000000000 1 1000000000 1 1000000000 1 1000000000 1
1000000000 1 1000000000 1 1000000000 1 1000000000 1 1000000000 1
1000000000 1 1000000000 1 1000000000 1 1000000000 1 1000000000 1
1000000000 1 1000000000 1 1000000000 1 1000000000 1 1000000000 1
1000000000 1 1000000000 1 1000000000 1 1000000000 1 1000000000 1
1000000000 1 1000000000 1 1000000000 1 1000000000 1 1000000000 1
1000000000 1 1000000000 1 1000000000 1 1000000000 1 1000000000
998000 1000 16
0 1000 1000 1000 1000 1000 1000 1000 1000 1000 1000 1000 1000 1000 1000 1000
1000 1000 1000 1000 1000 1000 1000 1000 1000 1000 1000 1000 1000 1000 1000 1000
1000 1000 1000 1000 1000 1000 1000 1000 1000 1000 1000 1000 1000 1000 1000 1000
1000 1000 1000 1000 1000 1000 1000 1000 1000 1000 1000 1000 1000 1000 1000 1000
1000 1000 1000 1000 1000 1000 1000 1000 1000 1000 1000 1000 1000 1000 1000 1000
1000 1000 1000 1000 1000 1000 1000 1000 1000 1000 1000 1000 1000 1000 1000 1000
1000 1000 1000 1000 1000 1000 1000 1000 1000 1000 1000 1000 1000 1000 1000 1000
1000 1000 1000 1000 1000 1000 1000 1000 1000 1000 1000 1000 1000 1000 1000 1000
1000 1000 1000 1000 1000 1000 1000 1000 1000 1000 1000 1000 1000 1000 1000 1000
1000 1000 1000 1000 1000 1000 1000 1000 1000 1000 1000 1000 1000 1000 1000 1000
1000 1000 1000 1000 1000 1000 1000 1000 1000 1000 1000 1000 1000 1000 1000 1000
1000 1000 1000 1000 1000 1000 1000 1000 1000 1000 1000 1000 1000 1000 1000 1000
1000 1000 1000 1000 1000 1000 1000 1000 1000 1000 1000 1000 1000 1000 1000 1000
1000 1000 1000 1000 1000 1000 1000 1000 1000 1000 1000 1000 1000 1000 1000 1000
1000 1000 1000 1000 1000 1000 1000 1000 1000 1000 1000 1000 1000 1000 1000 1000
1000 1000 1000 1000 1000 1000 1000 1000 1000 1000 1000 1000 1000 1000 1000 1000
1000 1000 1000 1000 1000 1000 1000 1000 1000 1000 1000 1000 1000 1000 1000 1000
1000 1000 1000 1000 1000 1000 1000 1000 1000 1000 1000 1000 1000 1000 1000 1000
1000 1000 1000 1000 1000 1000 1000 1000 1000 1000 1000 1000 1000 1000 1000 1000
1000 1000 1000 1000 1000 1000 1000 1000 1000 1000 1000 1000 1000 1000 1000 1000
1000 1000 1000 1000 1000 1000 1000 1000 1000 1000 1000 1000 1000 1000 1000 1000
1000 1000 1000 1000 1000 1000 1000 1000 1000 1000 1000 1000 1000 1000 1000 1000
1000 1000 1000 1000 1000 1000 1000 1000 1000 1000 1000 1000 1000 1000 1000 1000
1000 1000 1000 1000 1000 1000 1000 1000 1000 1000 1000 1000 1000 1000 1000 1000
1000 1000 1000 1000 1000 1000 1000 1000 1000 1000 1000 1000 1000 1000 1000 1000
1000 1000 1000 1000 1000 1000 1000 1000 1000 1000 1000 1000 1000 1000 1000 1000
1000 1000 1000 1000 1000 1000 1000 1000 1000 1000 1000 1000 1000 1000 1000 1000
1000 1000 1000 1000 1000 1000 1000 1000 1000 1000 1000 1000 1000 1000 1000 1000
1000 1000 1000 1000 1000 1000 1000 1000 1000 1000 1000 1000 1000 1000 1000 1000
1000 1000 1000 1000 1000 1000 1000 1000 1000 1000 1000 1000 1000 1000 1000 1000
1000 1000 1000 1000 1000 1000 1000 1000 1000 1000 1000 1000 1000 1000 1000 1000
1000 1000 1000 1000 1000 1000 1000 1000 1000 1000 1000 1000 1000 1000 1000 1000
1000 1000 1000 1000 1000 1000 1000 1000 1000 1000 1000 1000 1000 1000 1000 1000
1000 1000 1000 1000 1000 1000 1000 1000 1000 1000 1000 1000 1000 1000 1000 1000
1000 1000 1000 1000 1000 1000 1000 1000 1000 1000 1000 1000 1000 1000 1000 1000
1000 1000 1000 1000 1000 1000 1000 1000 1000 1000 1000 1000 1000 1000 1000 1000
1000 1000 1000 1000 1000 1000 1000 1000 1000 1000 1000 1000 1000 1000 1000 1000
1000 1000 1000 1000 1000 1000 1000 1000 1000 1000 1000 1000 1000 1000 1000 1000
1000 1000 1000 1000 1000 1000 1000 1000 1000 1000 1000 1000 1000 1000 1000 1000
1000 1000 1000 1000 1000 1000 1000 1000 1000 1000 1000 1000 1000 1000 1000 1000
1000 1000 1000 1000 1000 1000 1000 1000 1000 1000 1000 1000 1000 1000 1000 1000
1000 1000 1000 1000 1000 1000 1000 1000 1000 1000 1000 1000 1000 1000 1000 1000
1000 1000 1000 1000 1000 1000 1000 1000 1000 1000 1000 1000 1000 1000 1000 1000
1000 1000 1000 1000 1000 1000 1000 1000 1000 1000 1000 1000 1000 1000 1000 1000
1000 1000 1000 1000 1000 1000 1000 1000 1000 1000 1000 1000 1000 1000 1000 1000
1000 1000 1000 1000 1000 1000 1000 1000 1000 1000 1000 1000 1000 1000 1000 1000
1000 1000 1000 1000 1000 1000 1000 1000 1000 1000 1000 1000 1000 1000 1000 1000
1000 1000 1000 1000 1000 1000 1000 1000 1000 1000 1000 1000 1000 1000 1000 1000
1000 1000 1000 1000 1000 1000 1000 1000 1000 1000 1000 1000 1000 1000 1000 1000
1000 1000 1000 1000 1000 1000 1000 1000 1000 1000 1000 1000 1000 1000 1000 1000
1000 1000 1000 1000 1000 1000 1000 1000 1000 1000 1000 1000 1000 1000 1000 1000
1000 1000 1000 1000 1000 1000 1000 1000 1000 1000 1000 1000 1000 1000 1000 1000
1000 1000 1000 1000 1000 1000 1000 1000 1000 1000 1000 1000 1000 1000 1000 1000
1000 1000 1000 1000 1000 1000 1000 1000 1000 1000 1000 1000 1000 1000 1000 1000
1000 1000 1000 1000 1000 1000 1000 1000 1000 1000 1000 1000 1000 1000 1000 1000
1000 1000 1000 1000 1000 1000 1000 1000 1000 1000 1000 1000 1000 1000 1000 1000
1000 1000 1000 1000 1000 1000 1000 1000 1000 1000 1000 1000 1000 1000 1000 1000
1000 1000 1000 1000 1000 1000 1000 1000 1000 1000 1000 1000 1000 1000 1000 1000
1000 1000 1000 1000 1000 1000 1000 1000 1000 1000 1000 1000 1000 1000 1000 1000
1000 1000 1000 1000 1000 1000 1000 1000 1000 1000 1000 1000 1000 1000 1000 1000
1000 1000 1000 1000 1000 1000 1000 1000 1000 1000 1000 1000 1000 1000 1000 1000
1000 1000 1000 1000 1000 1000 1000 1000 1000 1000 1000 1000 1000 1000 1000 1000
1000 1000 1000 1000 1000 1000 1000 998000000
999000 1000 16
1000 1000 1000 1000 1000 1000 1000 1000 1000 1000 1000 1000 1000 1000 1000 1000
1000 1000 1000 1000 1000 1000 1000 1000 1000 1000 1000 1000 1000 1000 1000 1000
1000 1000 1000 1000 1000 1000 1000 1000 1000 1000 1000 1000 1000 1000 1000 1000
1000 1000 1000 1000 1000 1000 1000 1000 1000 1000 1000 1000 1000 1000 1000 1000
1000 1000 1000 1000 1000 1000 1000 1000 1000 1000 1000 1000 1000 1000 1000 1000
1000 1000 1000 1000 1000 1000 1000 1000 1000 1000 1000 1000 1000 1000 1000 1000
1000 1000 1000 1000 1000 1000 1000 1000 1000 1000 1000 1000 1000 1000 1000 1000
1000 1000 1000 1000 1000 1000 1000 1000 1000 1000 1000 1000 1000 1000 1000 1000
1000 1000 1000 1000 1000 1000 1000 1000 1000 1000 1000 1000 1000 1000 1000 1000
1000 1000 1000 1000 1000 1000 1000 1000 1000 1000 1000 1000 1000 1000 1000 1000
1000 1000 1000 1000 1000 1000 1000 1000 1000 1000 1000 1000 1000 1000 1000 1000
1000 1000 1000 1000 1000 1000 1000 1000 1000 1000 1000 1000 1000 1000 1000 1000
1000 1000 1000 1000 1000 1000 1000 1000 1000 1000 1000 1000 1000 1000 1000 1000
1000 1000 1000 1000 1000 1000 1000 1000 1000 1000 1000 1000 1000 1000 1000 1000
1000 1000 1000 1000 1000 1000 1000 1000 1000 1000 1000 1000 1000 1000 1000 1000
1000 1000 1000 1000 1000 1000 1000 1000 1000 1000 1000 1000 1000 1000 1000 1000
1000 1000 1000 1000 1000 1000 1000 1000 1000 1000 1000 1000 1000 1000 1000 1000
1000 1000 1000 1000 1000 1000 1000 1000 1000 1000 1000 1000 1000 1000 1000 1000
1000 1000 1000 1000 1000 1000 1000 1000 1000 1000 1000 1000 1000 1000 1000 1000
1000 1000 1000 1000 1000 1000 1000 1000 1000 1000 1000 1000 1000 1000 1000 1000
1000 1000 1000 1000 1000 1000 1000 1000 1000 1000 1000 1000 1000 1000 1000 1000
1000 1000 1000 1000 1000 1000 1000 1000 1000 1000 1000 1000 1000 1000 1000 1000
1000 1000 1000 1000 1000 1000 1000 1000 1000 1000 1000 1000 1000 1000 1000 1000
1000 1000 1000 1000 1000 1000 1000 1000 1000 1000 1000 1000 1000 1000 1000 1000
1000 1000 1000 1000 1000 1000 1000 1000 1000 1000 1000 1000 1000 1000 1000 1000
1000 1000 1000 1000 1000 1000 1000 1000 1000 1000 1000 1000 1000 1000 1000 1000
1000 1000 1000 1000 1000 1000 1000 1000 1000 1000 1000 1000 1000 1000 1000 1000
1000 1000 1000 1000 1000 1000 1000 1000 1000 1000 1000 1000 1000 1000 1000 1000
1000 1000 1000 1000 1000 1000 1000 1000 1000 1000 1000 1000 1000 1000 1000 1000
1000 1000 1000 1000 1000 1000 1000 1000 1000 1000 1000 1000 1000 1000 1000 1000
1000 1000 1000 1000 1000 1000 1000 1000 1000 1000 1000 1000 1000 1000 1000 1000
1000 1000 1000 1000 1000 1000 1000 1000 1000 1000 1000 1000 1000 1000 1000 1000
1000 1000 1000 1000 1000 1000 1000 1000 1000 1000 1000 1000 1000 1000 1000 1000
1000 1000 1000 1000 1000 1000 1000 1000 1000 1000 1000 1000 1000 1000 1000 1000
1000 1000 1000 1000 1000 1000 1000 1000 1000 1000 1000 1000 1000 1000 1000 1000
1000 1000 1000 1000 1000 1000 1000 1000 1000 1000 1000 1000 1000 1000 1000 1000
1000 1000 1000 1000 1000 1000 1000 1000 1000 1000 1000 1000 1000 1000 1000 1000
1000 1000 1000 1000 1000 1000 1000 1000 1000 1000 1000 1000 1000 1000 1000 1000
1000 1000 1000 1000 1000 1000 1000 1000 1000 1000 1000 1000 1000 1000 1000 1000
1000 1000 1000 1000 1000 1000 1000 1000 1000 1000 1000 1000 1000 1000 1000 1000
1000 1000 1000 1000 1000 1000 1000 1000 1000 1000 1000 1000 1000 1000 1000 1000
1000 1000 1000 1000 1000 1000 1000 1000 1000 1000 1000 1000 1000 1000 1000 1000
1000 1000 1000 1000 1000 1000 1000 1000 1000 1000 1000 1000 1000 1000 1000 1000
1000 1000 1000 1000 1000 1000 1000 1000 1000 1000 1000 1000 1000 1000 1000 1000
1000 1000 1000 1000 1000 1000 1000 1000 1000 1000 1000 1000 1000 1000 1000 1000
1000 1000 1000 1000 1000 1000 1000 1000 1000 1000 1000 1000 1000 1000 1000 1000
1000 1000 1000 1000 1000 1000 1000 1000 1000 1000 1000 1000 1000 1000 1000 1000
1000 1000 1000 1000 1000 1000 1000 1000 1000 1000 1000 1000 1000 1000 1000 1000
1000 1000 1000 1000 1000 1000 1000 1000 1000 1000 1000 1000 1000 1000 1000 1000
1000 1000 1000 1000 1000 1000 1000 1000 1000 1000 1000 1000 1000 1000 1000 1000
1000 1000 1000 1000 1000 1000 1000 1000 1000 1000 1000 1000 1000 1000 1000 1000
1000 1000 1000 1000 1000 1000 1000 1000 1000 1000 1000 1000 1000 1000 1000 1000
1000 1000 1000 1000 1000 1000 1000 1000 1000 1000 1000 1000 1000 1000 1000 1000
1000 1000 1000 1000 1000 1000 1000 1000 1000 1000 1000 1000 1000 1000 1000 1000
1000 1000 1000 1000 1000 1000 1000 1000 1000 1000 1000 1000 1000 1000 1000 1000
1000 1000 1000 1000 1000 1000 1000 1000 1000 1000 1000 1000 1000 1000 1000 1000
1000 1000 1000 1000 1000 1000 1000 1000 1000 1000 1000 1000 1000 1000 1000 1000
1000 1000 1000 1000 1000 1000 1000 1000 1000 1000 1000 1000 1000 1000 1000 1000
1000 1000 1000 1000 1000 1000 1000 1000 1000 1000 1000 1000 1000 1000 1000 1000
1000 1000 1000 1000 1000 1000 1000 1000 1000 1000 1000 1000 1000 1000 1000 1000
1000 1000 1000 1000 1000 1000 1000 1000 1000 1000 1000 1000 1000 1000 1000 1000
1000 1000 1000 1000 1000 1000 1000 1000 1000 1000 1000 1000 1000 1000 1000 1000
1000 1000 1000 1000 1000 1000 1000 999000000
1000000000 801 8
999999999 999999999 999999999 999999999 999999999 999999999 999999999 999999999
999999999 999999999 999999999 999999999 999999999 999999999 999999999 999999999
999999999 999999999 999999999 999999999 999999999 999999999 999999999 999999999
999999999 999999999 999999999 999999999 999999999 999999999 999999999 999999999
999999999 999999999 999999999 999999999 999999999 999999999 999999999 999999999
999999999 999999999 999999999 999999999 999999999 999999999 999999999 999999999
999999999 999999999 999999999 999999999 999999999 999999999 999999999 999999999
999999999 999999999 999999999 999999999 999999999 999999999 999999999 999999999
999999999 999999999 999999999 999999999 999999999 999999999 999999999 999999999
999999999 999999999 999999999 999999999 999999999 999999999 999999999 999999999
999999999 999999999 999999999 999999999 999999999 999999999 999999999 999999999
999999999 999999999 999999999 999999999 999999999 999999999 999999999 999999999
999999999 999999999 999999999 999999999 999999999 999999999 999999999 999999999
999999999 999999999 999999999 999999999 999999999 999999999 999999999 999999999
999999999 999999999 999999999 999999999 999999999 999999999 999999999 999999999
999999999 999999999 999999999 999999999 999999999 999999999 999999999 999999999
999999999 999999999 999999999 999999999 999999999 999999999 999999999 999999999
999999999 999999999 999999999 999999999 999999999 999999999 999999999 999999999
999999999 999999999 999999999 999999999 999999999 999999999 999999999 999999999
999999999 999999999 999999999 999999999 999999999 999999999 999999999 999999999
999999999 999999999 999999999 999999999 999999999 999999999 999999999 999999999
999999999 999999999 999999999 999999999 999999999 999999999 999999999 999999999
999999999 999999999 999999999 999999999 999999999 999999999 999999999 999999999
999999999 999999999 999999999 999999999 999999999 999999999 999999999 999999999
999999999 999999999 999999999 999999999 999999999 999999999 999999999 999999999
999999999 999999999 999999999 999999999 999999999 999999999 999999999 999999999
999999999 999999999 999999999 999999999 999999999 999999999 999999999 999999999
999999999 999999999 999999999 999999999 999999999 999999999 999999999 999999999
999999999 999999999 999999999 999999999 999999999 999999999 999999999 999999999
999999999 999999999 999999999 999999999 999999999 999999999 999999999 999999999
999999999 999999999 999999999 999999999 999999999 999999999 999999999 999999999
999999999 999999999 999999999 999999999 999999999 999999999 999999999 999999999
999999999 999999999 999999999 999999999 999999999 999999999 999999999 999999999
999999999 999999999 999999999 999999999 999999999 999999999 999999999 999999999
999999999 999999999 999999999 999999999 999999999 999999999 999999999 999999999
999999999 999999999 999999999 999999999 999999999 999999999 999999999 999999999
999999999 999999999 999999999 999999999 999999999 999999999 999999999 999999999
999999999 999999999 999999999 999999999 999999999 999999999 999999999 999999999
999999999 999999999 999999999 999999999 999999999 999999999 999999999 999999999
999999999 999999999 999999999 999999999 999999999 999999999 999999999 999999999
999999999 999999999 999999999 999999999 999999999 999999999 999999999 999999999
999999999 999999999 999999999 999999999 999999999 999999999 999999999 999999999
999999999 999999999 999999999 999999999 999999999 999999999 999999999 999999999
999999999 999999999 999999999 999999999 999999999 999999999 999999999 999999999
999999999 999999999 999999999 999999999 999999999 999999999 999999999 999999999
999999999 999999999 999999999 999999999 999999999 999999999 999999999 999999999
999999999 999999999 999999999 999999999 999999999 999999999 999999999 999999999
999999999 999999999 999999999 999999999 999999999 999999999 999999999 999999999
999999999 999999999 999999999 999999999 999999999 999999999 999999999 999999999
999999999 999999999 999999999 999999999 999999999 999999999 999999999 999999999
999999999 999999999 999999999 999999999 999999999 999999999 999999999 999999999
999999999 999999999 999999999 999999999 999999999 999999999 999999999 999999999
999999999 999999999 999999999 999999999 999999999 999999999 999999999 999999999
999999999 999999999 999999999 999999999 999999999 999999999 999999999 999999999
999999999 999999999 999999999 999999999 999999999 999999999 999999999 999999999
999999999 999999999 999999999 999999999 999999999 999999999 999999999 999999999
999999999 999999999 999999999 999999999 999999999 999999999 999999999 999999999
999999999 999999999 999999999 999999999 999999999 999999999 999999999 999999999
999999999 999999999 999999999 999999999 999999999 999999999 999999999 999999999
999999999 999999999 999999999 999999999 999999999 999999999 999999999 999999999
999999999 999999999 999999999 999999999 999999999 999999999 999999999 999999999
999999999 999999999 999999999 999999999 999999999 999999999 999999999 999999999
999999999 999999999 999999999 999999999 999999999 999999999 999999999 999999999
999999999 999999999 999999999 999999999 999999999 999999999 999999999 999999999
999999999 999999999 999999999 999999999 999999999 999999999 999999999 999999999
999999999 999999999 999999999 999999999 999999999 999999999 999999999 999999999
999999999 999999999 999999999 999999999 999999999 999999999 999999999 999999999
999999999 999999999 999999999 999999999 999999999 999999999 999999999 999999999
999999999 999999999 999999999 999999999 999999999 999999999 999999999 999999999
999999999 999999999 999999999 999999999 999999999 999999999 999999999 999999999
999999999 999999999 999999999 999999999 999999999 999999999 999999999 999999999
999999999 999999999 999999999 999999999 999999999 999999999 999999999 999999999
999999999 999999999 999999999 999999999 999999999 999999999 999999999 999999999
999999999 999999999 999999999 999999999 999999999 999999999 999999999 999999999
999999999 999999999 999999999 999999999 999999999 999999999 999999999 999999999
999999999 999999999 999999999 999999999 999999999 999999999 999999999 999999999
999999999 999999999 999999999 999999999 999999999 999999999 999999999 999999999
999999999 999999999 999999999 999999999 999999999 999999999 999999999 999999999
999999999 999999999 999999999 999999999 999999999 999999999 999999999 999999999
999999999 999999999 999999999 999999999 999999999 999999999 999999999 999999999
999999999 999999999 999999999 999999999 999999999 999999999 999999999 999999999
999999999 999999999 999999999 999999999 999999999 999999999 999999999 999999999
999999999 999999999 999999999 999999999 999999999 999999999 999999999 999999999
999999999 999999999 999999999 999999999 999999999 999999999 999999999 999999999
999999999 999999999 999999999 999999999 999999999 999999999 999999999 999999999
999999999 999999999 999999999 999999999 999999999 999999999 999999999 999999999
999999999 999999999 999999999 999999999 999999999 999999999 999999999 999999999
999999999 999999999 999999999 999999999 999999999 999999999 999999999 999999999
999999999 999999999 999999999 999999999 999999999 999999999 999999999 999999999
999999999 999999999 999999999 999999999 999999999 999999999 999999999 999999999
999999999 999999999 999999999 999999999 999999999 999999999 999999999 999999999
999999999 999999999 999999999 999999999 999999999 999999999 999999999 999999999
999999999 999999999 999999999 999999999 999999999 999999999 999999999 999999999
999999999 999999999 999999999 999999999 999999999 999999999 999999999 999999999
999999999 999999999 999999999 999999999 999999999 999999999 999999999 999999999
999999999 999999999 999999999 999999999 999999999 999999999 999999999 999999999
999999999 999999999 999999999 999999999 999999999 999999999 999999999 999999999
999999999 999999999 999999999 999999999 999999999 999999999 999999999 999999999
999999999 999999999 999999999 999999999 999999999 999999999 999999999 999999999
999999999 999999999 999999999 999999999 999999999 999999999 999999999 999999999
800
-1
